H := Matrix( [ [1,1,1,1,1,1,1,1,1,1,1,1,1,1,1,1,1,1,1,1],
[1,1,1,1,1,1,1,1,1,1,-1,-1,-1,-1,-1,-1,-1,-1,-1,-1],
[1,1,1,1,1,-1,-1,-1,-1,-1,1,1,1,1,1,-1,-1,-1,-1,-1],
[1,1,1,1,-1,1,-1,-1,-1,-1,1,-1,-1,-1,-1,1,1,1,1,-1],
[1,1,1,-1,-1,-1,1,1,-1,-1,-1,1,1,-1,-1,1,1,-1,-1,1],
[1,1,-1,1,-1,-1,1,1,-1,-1,-1,-1,-1,1,1,-1,-1,1,1,1],
[1,1,-1,-1,1,1,-1,-1,1,-1,-1,1,-1,1,-1,1,-1,1,-1,1],
[1,1,-1,-1,1,1,-1,-1,-1,1,-1,-1,1,-1,1,-1,1,-1,1,1],
[1,1,-1,-1,-1,-1,1,-1,1,1,1,1,-1,-1,1,-1,1,1,-1,-1],
[1,1,-1,-1,-1,-1,-1,1,1,1,1,-1,1,1,-1,1,-1,-1,1,-1],
[1,-1,1,1,-1,-1,-1,-1,1,1,-1,1,-1,-1,1,1,-1,-1,1,1],
[1,-1,1,-1,1,-1,1,-1,1,-1,1,-1,1,-1,-1,-1,-1,1,1,1],
[1,-1,1,-1,1,-1,-1,1,-1,1,-1,1,-1,1,-1,-1,1,1,1,-1],
[1,-1,1,-1,-1,1,1,-1,-1,1,-1,-1,1,1,1,1,-1,1,-1,-1],
[1,-1,1,-1,-1,1,-1,1,1,-1,1,-1,-1,1,1,-1,1,-1,-1,1],
[1,-1,-1,1,1,-1,1,-1,-1,1,1,-1,-1,1,-1,1,1,-1,-1,1],
[1,-1,-1,1,1,-1,-1,1,1,-1,-1,-1,1,-1,1,1,1,1,-1,-1],
[1,-1,-1,1,-1,1,1,-1,1,-1,-1,1,1,1,-1,-1,1,-1,1,-1],
[1,-1,-1,1,-1,1,-1,1,-1,1,1,1,1,-1,-1,-1,-1,1,-1,1],
[1,-1,-1,-1,1,1,1,1,-1,-1,1,1,-1,-1,1,1,-1,-1,1,-1]] );;